335554560
335554560
335554560
335554560
335554560
335554560
335554560
335554560
335554560
335554560
335554560
335554560
335554560
335554560
335554560
335554560
335554560
335554560
335554560
335554560
335554560
335554560
335554560
335554560
335554560
335554560
335554560
335554560
335554560
335554560
335554560
335554560
335554560
335554560
335554560
335554560
335554560
335554560
335554560
335554560
335554560
335554560
335554560
335554560
335554560
335554560
335554560
335554560
335554560
335554560
335554560
335554560
335554560
335554560
335554560
335554560
335554560
335554560
335554560
335554560
335554560
335554560
335554560
335554560
335554560
335554560
335554560
335554560
335554560
335554560
335554560
335554560
335554560
335554560
335554560
335554560
335554560
335554560
335554560
335554560
335554560
335554560
335554560
335554560
335554560
335554560
335554560
335554560
335554560
335554560
335554560
335554560
335554560
335554560
335554560
335554560
335554560
335554560
335554560
335554560
335554560
335554560
335554560
335554560
335554560
335554560
335554560
335554560
335554560
335554560
335554560
335554560
335554560
335554560
335554560
335554560
335554560
335554560
335554560
335554560
335554560
335554560
335554560
335554560
335554560
335554560
335554560
335554560
335554560
335554560
335554560
335554560
335554560
335554560
335554560
335554560
335554560
335554560
335554560
335554560
335554560
335554560
335554560
335554560
335554560
335554560
335554560
335554560
335554560
335554560
335554560
335554560
335554560
335554560
335554560
335554560
335554560
335554560
335554560
335554560
335554560
335554560
335554560
335554560
335554560
335554560
335554560
335554560
335554560
335554560
335554560
335554560
335554560
335554560
335554560
335554560
335554560
335554560
335554560
335554560
335554560
335554560
335554560
335554560
335554560
335554560
335554560
335554560
335554560
335554560
335554560
335554560
335554560
335554560
335554560
335554560
335554560
335554560
335554560
335554560
335554560
335554560
335554560
335554560
335554560
335554560
335554560
335554560
335554560
335554560
335554560
335554560
335554560
335554560
335554560
335554560
335554560
335554560
335554560
335554560
335554560
335554560
335554560
335554560
335554560
335554560
335554560
335554560
335554560
335554560
335554560
335554560
335554560
335554560
335554560
335554560
335554560
335554560
335554560
335554560
335554560
335554560
335554560
335554560
335554560
335554560
335554560
335554560
335554560
335554560
335554560
335554560
335554560
335554560
335554560
335554560
335554560
335554560
335554560
335554560
335554560
335554560
335554560
335554560
335554560
335554560
335554560
335554560
335554560
335554560
335554560
335554560
335554560
335554560
335554560
335554560
335554560
335554560
335554560
335554560
335554560
335554560
335554560
335554560
335554560
335554560
335554560
335554560
335554560
335554560
335554560
335554560
335554560
335554560
335554560
335554560
335554560
335554560
335554560
335554560
335554560
335554560
335554560
335554560
335554560
335554560
335554560
335554560
335554560
335554560
335554560
335554560
335554560
335554560
335554560
335554560
335554560
335554560
335554560
335554560
335554560
335554560
335554560
335554560
335554560
335554560
335554560
335554560
335554560
335554560
335554560
335554560
335554560
335554560
335554560
335554560
335554560
335554560
335554560
335554560
335554560
335554560
335554560
335554560
335554560
335554560
335554560
335554560
335554560
335554560
335554560
335554560
335554560
335554560
335554560
335554560
335554560
335554560
335554560
335554560
335554560
335554560
335554560
335554560
335554560
335554560
335554560
335554560
335554560
335554560
335554560
335554560
335554560
335554560
335554560
335554560
335554560
335554560
335554560
335554560
335554560
335554560
335554560
335554560
335554560
335554560
335554560
762839065
745734680
728695575
711591190
694552085
677447700
660343059
643304210
626199569
609095184
592056079
574951694
557912589
540808204
540481036
523441931
506337546
489298441
472194056
455089415
438050566
420945925
403841540
386802435
369698050
352658945
335554560
762839065
762839065
762773529
762773529
762708249
762708249
745931032
745865496
745865496
745799960
745799960
745799960
745734680
745734680
745669144
745669144
745603608
745603608
728826391
728761111
728761111
728695575
728695575
728695575
728630039
728630039
728564759
728564759
728564759
728499223
711722006
711656470
711656470
711656470
711591190
711591190
711525654
711525654
711525654
711460118
711460118
711394838
694617621
694617621
694552085
694552085
694486549
694486549
694421269
694421269
694421269
694355733
694355733
694290197
677512980
677512980
677447700
677447700
677382164
677382164
677382164
677316628
677316628
677251348
677251348
660474131
660408595
660408595
660343059
660343059
660343059
660277779
660277779
660212243
660212243
660146707
660146707
643369490
643304210
643304210
643238674
643238674
643238674
643173138
643173138
643107858
643107858
643107858
643042322
626265105
626199569
626199569
626199569
626134289
626134289
626068753
626068753
626068753
626003217
626003217
625937937
609160720
609160720
609095184
609095184
609029648
609029648
608964368
608964368
608964368
608898832
608898832
608833296
592056079
592056079
591990799
591990799
591925263
591925263
591925263
591859727
591859727
591794447
591794447
575017230
574951694
574951694
574886158
574886158
574886158
574820878
574820878
574755342
574755342
574689806
574689806
557912589
557847309
557847309
557781773
557781773
557781773
557716237
557716237
557650957
557650957
557650957
557585421
540808204
540742668
540742668
540742668
540677388
540677388
540611852
540611852
540611852
540546316
540546316
540481036
523703819
523703819
523638283
523638283
523572747
523572747
523507467
523507467
523507467
523441931
523441931
523376395
506599178
506599178
506533898
506533898
506468362
506468362
506468362
506402826
506402826
506337546
506337546
489560329
489494793
489494793
489429257
489429257
489429257
489363977
489363977
489298441
489298441
489232905
489232905
472455688
472390408
472390408
472324872
472324872
472324872
472259336
472259336
472194056
472194056
472194056
472128520
455351303
455285767
455285767
455285767
455220487
455220487
455154951
455154951
455154951
455089415
455089415
455024135
438246918
438246918
438181382
438181382
438115846
438115846
438050566
438050566
438050566
437985030
437985030
437919494
421142277
421142277
421076997
421076997
421011461
421011461
421011461
420945925
420945925
420880645
420880645
404103428
404037892
404037892
403972356
403972356
403972356
403907076
403907076
403841540
403841540
403776004
403776004
386998787
386933507
386933507
386867971
386867971
386867971
386802435
386802435
386737155
386737155
386737155
386671619
369894402
369828866
369828866
369828866
369763586
369763586
369698050
369698050
369698050
369632514
369632514
369567234
352790017
352790017
352724481
352724481
352658945
352658945
352593665
352593665
352593665
352528129
352528129
352462593
335685376
335685376
335620096
335620096
335554560
335554560
4291353790
4274510781
4257668029
4240890556
4224047547
4207204538
4190361786
4190361529
4173518520
4156675767
4139832759
4122989750
4106212533
4089369524
4072526516
4055683507
4038906290
4022063281
4005220273
4005154736
3988311727
3971534254
3954691502
3937848493
3921005484
3904162475
3887385259
3870542250
3853699241
3836856488
3820079016
3820013223
3803170470
3786327462
3769484453
3752706980
3735864227
3719021219
3702178210
3685400993
3668557984
3651714976
3634871967
3634806430
3618028957
3601185949
3584343196
3567500187
3550657178
3533879962
3517036953
3500193944
3483350935
3466573719
3449730710
3449664917
3432822164
3415979156
3399201683
3382358930
3365515921
3348672913
3331895440
3315052687
3298209678
3281366670
3264523917
3247746444
3247680652
3230837643
3213994890
3197217417
3180374409
3163531656
3146688647
3129845638
3113068422
3096225413
3079382404
3062539395
3062539395
3045696386
3028853377
3012010624
2995167616
2978390143
2961547390
2944704381
2927861373
2911018364
2894241147
2877398138
2877332346
2860489593
2843712120
2826869111
2810026103
2793183350
2776340341
2759562869
2742720116
2725877107
2709034098
2692256882
2692191089
2675348080
2658505071
2641662319
2624884846
2608041837
2591199084
2574356076
2557513067
2540735850
2523892841
2507049833
2506984040
2490206823
2473363814
2456520806
2439678053
2422835044
2406057571
2389214819
2372371810
2355528801
2338751328
2321908576
2321842783
2304999774
2288157022
2271379549
2254536540
2237693531
2220850779
2204073306
2187230297
2170387544
2153544536
2136701527
2119924310
2119858517
2103015509
2086172500
2069395283
2052552274
2035709266
2018866513
2002023504
1985246031
1968403279
1951560270
1934717261
1934651468
1917874252
1901031243
1884188234
1867345481
1850568009
1833725000
1816882247
1800039239
1783196230
1766418757
1749576004
1749510212
1732667203
1715889986
1699046977
1682203969
1665360960
1648518207
1631740734
1614897726
1598054973
1581211964
1564368955
1564368955
1547525946
1530682937
1513839928
1497062712
1480219703
1463376694
1446533941
1429690933
1412913460
1396070707
1379227698
1379161906
1362384433
1345541680
1328698672
1311855663
1295012910
1278235437
1261392429
1244549420
1227706667
1210929194
1194086186
1177243433
1177177640
1160334631
1143557415
1126714406
1109871397
1093028388
1076251172
1059408163
1042565154
1025722401
1008879393
992101920
992036383
975193374
958350366
941507357
924730140
907887131
891044123
874201370
857423897
840580888
823737880
806895127
806829334
790051862
773209109
756366100
739523091
722745875
705902866
689059857
672216848
655374096
638596623
621753614
621688077
604845069
588002060
571224843
554381834
537538826
520695817
503918600
487075591
470232583
453389830
436546821
436546564
419703812
402860803
386017794
369240321
352397569
335554560
1526661140
1492648211
1458635283
1424622354
1390609426
1373439249
1339426321
1305413648
1271400720
1237387791
1203374863
1169361934
1135349006
1101336077
1084165900
1050152972
1016140043
982127115
948114186
914101514
880088585
846075657
812062728
778049800
760879623
726866694
692853766
658840837
624827909
590814980
556802052
522789379
488776451
471606274
437593346
403580417
369567489
335554560
2110259210
2042626570
1975059209
1907426569
1839793672
1772226568
1704593672
1636961031
1569328135
1501761031
1434128134
1366495494
1298928133
1214518277
1146885637
1079318276
1011685636
944052739
876485635
808852739
741220098
673587202
606020098
538387201
470754561
403187200
335554560
168765460
168765460
168699923
168699923
185477139
185477138
185477138
185411602
185411601
202188817
202123281
202123280
202123280
202123280
202123279
202057743
218834959
218834958
218769422
218769422
218769421
235546637
235546637
235481100
235481100
235481100
235415563
235415563
252192779
252192778
252192778
252127242
252127241
268904457
268838921
268838920
268838920
268838920
268838919
268773383
285550599
285550598
285485062
285485062
285485061
302262277
302262277
302196740
302196740
302196740
302131203
302131203
318908419
318908418
318908418
318842882
318842881
335620097
335554561
335554560
335554560
2560
2560
2560
2560
2560
2560
2816
2816
2816
16780032
16780032
16780032
16780032
16780032
16780032
16780032
16780032
16780288
16780288
16780288
16780288
16780288
16780288
16780288
16780288
16780288
33557504
33557504
33557504
33557760
33557760
33557760
33557760
33557760
33557760
33557760
33557760
33557760
33557760
33557760
33558016
33558016
33558016
50335232
50335232
50335232
50335232
50335232
50335232
50335232
50335232
50335232
50335488
50335488
50335488
50335488
50335488
50335488
50335488
50335488
67112704
67112704
67112704
67112960
67112960
67112960
67112960
67112960
67112960
67112960
67112960
67112960
67112960
67112960
67113216
67113216
67113216
83890432
83890432
83890432
83890432
83890432
83890432
83890432
83890432
83890688
83890688
83890688
83890688
83890688
83890688
83890688
83890688
83890688
100667904
100667904
100667904
100668160
100668160
100668160
100668160
100668160
100668160
100668160
100668160
100668160
100668160
100668160
100668416
100668416
100668416
117445632
117445632
117445632
117445632
117445632
117445632
117445632
117445632
117445632
117445888
117445888
117445888
117445888
117445888
117445888
117445888
117445888
134223104
134223104
134223104
134223360
134223360
134223360
134223360
134223360
134223360
134223360
134223360
134223360
134223360
134223360
134223616
134223616
134223616
151000832
151000832
151000832
151000832
151000832
151000832
151000832
151000832
151001088
151001088
151001088
151001088
151001088
151001088
151001088
151001088
151001088
167778304
167778304
167778304
167778560
167778560
167778560
167778560
167778560
167778560
167778560
167778560
167778560
167778560
167778560
167778816
167778816
167778816
184556032
184556032
184556032
184556032
184556032
184556032
184556032
184556032
184556032
184556288
184556288
184556288
184556288
184556288
184556288
184556288
184556288
201333504
201333504
201333504
201333760
201333760
201333760
201333760
201333760
201333760
201333760
201333760
201333760
201333760
201333760
201334016
201334016
201334016
218111232
218111232
218111232
218111232
218111232
218111232
218111232
218111232
218111488
218111488
218111488
218111488
218111488
218111488
218111488
218111488
218111488
234888704
234888704
234888704
234888960
234888960
234888960
234888960
234888960
234888960
234888960
234888960
234888960
234888960
234888960
234889216
234889216
234889216
251666432
251666432
251666432
251666432
251666432
251666432
251666432
251666432
251666432
251666688
251666688
251666688
251666688
251666688
251666688
251666688
251666688
268443904
268443904
268443904
268444160
268444160
268444160
268444160
268444160
268444160
268444160
268444160
268444160
268444160
268444160
268444416
268444416
268444416
285221632
285221632
285221632
285221632
285221632
285221632
285221632
285221632
285221888
285221888
285221888
285221888
285221888
285221888
285221888
285221888
285221888
301999104
301999104
301999104
301999360
301999360
301999360
301999360
301999360
301999360
301999360
301999360
301999360
301999360
301999360
301999616
301999616
301999616
318776832
318776832
318776832
318776832
318776832
318776832
318776832
318776832
318776832
318777088
318777088
318777088
318777088
318777088
318777088
318777088
318777088
335554304
335554304
335554304
335554560
335554560
335554560
335554560
335554560
335554560
